21
Drosophila_melanogaster 0.0000000 1.6574974 1.6957666 1.9274667 1.7526309 0.5131026 1.7488367 2.3563139 1.7722934 1.7722934 1.7322621 0.5582950 1.7703001 1.5258286 1.5408035 1.6063384 1.5666051 0.7449443 1.7405933 1.7536480 1.8245252 
Owenia_fusiformis       1.6574974 0.0000000 0.7676183 0.9833880 1.3460296 0.2237615 0.7067749 1.5873837 0.7836576 0.7836576 1.0062919 0.4678642 1.1879586 0.8060582 0.7688273 1.0119233 0.9601595 0.3770229 0.7514829 1.1279017 0.8314320 
Doryteuthis_pealeii     1.6957666 0.7676183 0.0000000 0.6844168 0.7698525 0.0821842 0.5463123 1.0427203 0.4551543 0.4551543 0.6635928 0.4209766 0.9128700 0.5717512 0.5524665 0.7066926 0.6844210 0.4521594 0.6055633 0.7061645 0.2557750 
Pinctada_fucata         1.9274667 0.9833880 0.6844168 0.0000000 1.1909319 0.2490876 0.6829047 1.4762525 0.6907203 0.6907203 0.9950607 0.3005118 1.1515708 0.5022984 0.5102742 0.3727418 0.3909189 0.4617024 0.7781603 0.8011558 0.7669041 
Elysia_marginata        1.7526309 1.3460296 0.7698525 1.1909319 0.0000000 0.0000010 0.7337492 0.2450210 0.7979120 0.7979120 0.3256283 0.3091133 0.2395592 1.2994899 1.3106185 1.4371833 1.4118011 0.0174096 0.7756585 0.8210663 1.1728541 
Octopus_bimaculoides    0.5131026 0.2237615 0.0821842 0.2490876 0.0000010 0.0000000 0.1845115 0.4725115 0.1950800 0.1950800 0.1353073 0.1072594 0.2207864 0.3622052 0.3622052 0.2067504 0.2067504 0.3585725 0.2720154 0.2124144 0.0681378 
Gigantopelta_aegis      1.7488367 0.7067749 0.5463123 0.6829047 0.7337492 0.1845115 0.0000000 0.9144721 0.2585301 0.2585301 0.4951390 0.2795176 0.9448079 0.5775920 0.5837732 0.6884708 0.6718759 0.2761610 0.3660370 0.5340352 0.6233139 
Biomphalaria_glabrata   2.3563139 1.5873837 1.0427203 1.4762525 0.2450210 0.4725115 0.9144721 0.0000000 0.9826564 0.9826564 0.3654764 0.2321817 0.9379725 1.5355734 1.5528682 1.6544721 1.6312475 0.8213761 1.0625087 0.6887588 1.5605239 
Haliotis_rubra          1.7722934 0.7836576 0.4551543 0.6907203 0.7979120 0.1950800 0.2585301 0.9826564 0.0000000 0.0000010 0.5518538 0.4109720 0.8912183 0.5311008 0.5177007 0.6679282 0.6228126 0.3261487 0.4123502 0.6329767 0.5491715 
Haliotis_rufescens      1.7722934 0.7836576 0.4551543 0.6907203 0.7979120 0.1950800 0.2585301 0.9826564 0.0000010 0.0000000 0.5518538 0.4109720 0.8912183 0.5311008 0.5177007 0.6679282 0.6228126 0.3261487 0.4123502 0.6329767 0.5491715 
Candidula_unifasciata   1.7322621 1.0062919 0.6635928 0.9950607 0.3256283 0.1353073 0.4951390 0.3654764 0.5518538 0.5518538 0.0000000 0.0594790 0.5323561 0.9759848 0.9825054 1.0174305 1.0185889 0.1806195 0.6310268 0.6925777 0.7719075 
Cornu_aspersum          0.5582950 0.4678642 0.4209766 0.3005118 0.3091133 0.1072594 0.2795176 0.2321817 0.4109720 0.4109720 0.0594790 0.0000000 0.3311748 0.5005565 0.4891960 0.3890443 0.4021811 0.0000010 0.4171553 0.3231026 0.3802874 
Elysia_chlorotica       1.7703001 1.1879586 0.9128700 1.1515708 0.2395592 0.2207864 0.9448079 0.9379725 0.8912183 0.8912183 0.5323561 0.3311748 0.0000000 1.0602150 1.0770979 1.2889346 1.2781232 0.2398948 0.9900025 0.9253613 0.9424122 
Mizuhopecten_yessoensis 1.5258286 0.8060582 0.5717512 0.5022984 1.2994899 0.3622052 0.5775920 1.5355734 0.5311008 0.5311008 0.9759848 0.5005565 1.0602150 0.0000000 0.0315275 0.4573133 0.4588285 0.4925025 0.7026764 0.7606340 0.7529175 
Pecten_maximus          1.5408035 0.7688273 0.5524665 0.5102742 1.3106185 0.3622052 0.5837732 1.5528682 0.5177007 0.5177007 0.9825054 0.4891960 1.0770979 0.0315275 0.0000000 0.4444376 0.4460823 0.5020009 0.7093636 0.7645544 0.7388907 
Crassostrea_gigas       1.6063384 1.0119233 0.7066926 0.3727418 1.4371833 0.2067504 0.6884708 1.6544721 0.6679282 0.6679282 1.0174305 0.3890443 1.2889346 0.4573133 0.4444376 0.0000000 0.0380232 0.3819674 0.7731195 0.9676853 0.7387542 
Crassostrea_virginica   1.5666051 0.9601595 0.6844210 0.3909189 1.4118011 0.2067504 0.6718759 1.6312475 0.6228126 0.6228126 1.0185889 0.4021811 1.2781232 0.4588285 0.4460823 0.0380232 0.0000000 0.3887922 0.7662341 0.9554269 0.7485288 
Aplysia_californica     0.7449443 0.3770229 0.4521594 0.4617024 0.0174096 0.3585725 0.2761610 0.8213761 0.3261487 0.3261487 0.1806195 0.0000010 0.2398948 0.4925025 0.5020009 0.3819674 0.3887922 0.0000000 0.3514278 0.1039424 0.5493310 
Patella_vulgata         1.7405933 0.7514829 0.6055633 0.7781603 0.7756585 0.2720154 0.3660370 1.0625087 0.4123502 0.4123502 0.6310268 0.4171553 0.9900025 0.7026764 0.7093636 0.7731195 0.7662341 0.3514278 0.0000000 0.6263888 0.6956704 
Pomacea_canaliculata    1.7536480 1.1279017 0.7061645 0.8011558 0.8210663 0.2124144 0.5340352 0.6887588 0.6329767 0.6329767 0.6925777 0.3231026 0.9253613 0.7606340 0.7645544 0.9676853 0.9554269 0.1039424 0.6263888 0.0000000 0.8304482 
Sepia_pharaonis         1.8245252 0.8314320 0.2557750 0.7669041 1.1728541 0.0681378 0.6233139 1.5605239 0.5491715 0.5491715 0.7719075 0.3802874 0.9424122 0.7529175 0.7388907 0.7387542 0.7485288 0.5493310 0.6956704 0.8304482 0.0000000 
