21
Octopus_bimaculoides    0.0000000 0.4813499 0.4790697 0.2539011 0.3262260 0.1826226 0.1776949 0.1795604 0.2169839 0.1902767 0.5528506 0.2355205 0.1735414 0.2703394 0.2021132 0.1880132 0.1856745 0.1655438 0.2325037 0.0566248 0.1880132 
Drosophila_melanogaster 0.4813499 0.0000000 0.7670213 0.4259271 0.3748611 0.3994627 0.3988681 0.3973841 0.3900314 0.4324932 0.7781061 0.4471006 0.4470703 0.4712364 0.4178958 0.3938654 0.3760088 0.4390644 0.4207405 0.4613054 0.3938654 
Biomphalaria_glabrata   0.4790697 0.7670213 0.0000000 0.5006492 0.5678835 0.9488684 0.6765979 0.4567142 0.3257843 0.7500154 0.7317374 0.3617789 0.9542943 0.3836662 0.6049273 0.8105830 0.7637450 0.9571904 0.3051246 0.5119140 0.8105830 
Patella_vulgata         0.2539011 0.4259271 0.5006492 0.0000000 0.3890235 0.2294809 0.2324830 0.2465654 0.2316116 0.2137654 0.6113278 0.2408479 0.2295657 0.2714769 0.1977730 0.2356245 0.2256278 0.2267855 0.2409310 0.2731805 0.2356245 
Owenia_fusiformis       0.3262260 0.3748611 0.5678835 0.3890235 0.0000000 0.2862532 0.2820847 0.2068236 0.3009358 0.3112691 0.6385234 0.3002117 0.3037377 0.3234668 0.3148875 0.3002481 0.3143628 0.3096337 0.3177185 0.3147719 0.3002481 
Haliotis_rufescens      0.1826226 0.3994627 0.9488684 0.2294809 0.2862532 0.0000000 0.0406177 0.2551417 0.2052423 0.2293431 0.6453813 0.1799818 0.3744924 0.2263488 0.2086730 0.3223102 0.3283994 0.3765629 0.2205805 0.1937284 0.3223102 
Haliotis_rubra          0.1776949 0.3988681 0.6765979 0.2324830 0.2820847 0.0406177 0.0000000 0.2616005 0.2033152 0.1776531 0.4872813 0.1781724 0.2549590 0.2255222 0.2025794 0.2439719 0.2502024 0.2501859 0.2185558 0.1870233 0.2439719 
Doryteuthis_pealeii     0.1795604 0.3973841 0.4567142 0.2465654 0.2068236 0.2551417 0.2616005 0.0000000 0.2122148 0.2854171 0.4240657 0.2359131 0.2616751 0.2881557 0.3100555 0.2559872 0.2506619 0.2540609 0.2412426 0.1960710 0.2559872 
Candidula_unifasciata   0.2169839 0.3900314 0.3257843 0.2316116 0.3009358 0.2052423 0.2033152 0.2122148 0.0000000 0.1762733 0.3545471 0.0822331 0.2163322 0.0943253 0.1534542 0.2435729 0.2163788 0.2115494 0.0185978 0.2049933 0.2435729 
Gigantopelta_aegis      0.1902767 0.4324932 0.7500154 0.2137654 0.3112691 0.2293431 0.1776531 0.2854171 0.1762733 0.0000000 0.5870467 0.1692052 0.3497104 0.2158295 0.1943424 0.3414632 0.3161610 0.3436435 0.1846418 0.1773364 0.3414632 
Elysia_marginata        0.5528506 0.7781061 0.7317374 0.6113278 0.6385234 0.6453813 0.4872813 0.4240657 0.3545471 0.5870467 0.0000000 0.3338779 0.5846772 0.2539104 0.5450558 0.6130411 0.6005026 0.5785875 0.3237665 0.5928137 0.6130411 
Aplysia_californica     0.2355205 0.4471006 0.3617789 0.2408479 0.3002117 0.1799818 0.1781724 0.2359131 0.0822331 0.1692052 0.3338779 0.0000000 0.2136748 0.0928171 0.1531010 0.2509457 0.2238534 0.2139283 0.0666629 0.2141716 0.2509457 
Pecten_maximus          0.1735414 0.4470703 0.9542943 0.2295657 0.3037377 0.3744924 0.2549590 0.2616751 0.2163322 0.3497104 0.5846772 0.2136748 0.0000000 0.2524325 0.2328428 0.2058901 0.2179638 0.0193096 0.2254645 0.1699069 0.2058901 
Elysia_chlorotic        0.2703394 0.4712364 0.3836662 0.2714769 0.3234668 0.2263488 0.2255222 0.2881557 0.0943253 0.2158295 0.2539104 0.0928171 0.2524325 0.0000000 0.1990810 0.2798379 0.2539263 0.2533958 0.0816238 0.2573878 0.2798379 
Pomacea_canaliculata    0.2021132 0.4178958 0.6049273 0.1977730 0.3148875 0.2086730 0.2025794 0.3100555 0.1534542 0.1943424 0.5450558 0.1531010 0.2328428 0.1990810 0.0000000 0.2901787 0.2693727 0.2279116 0.1679808 0.1931551 0.2901787 
Crassostrea_virginica   0.1880132 0.3938654 0.8105830 0.2356245 0.3002481 0.3223102 0.2439719 0.2559872 0.2435729 0.3414632 0.6130411 0.2509457 0.2058901 0.2798379 0.2901787 0.0000000 0.0307748 0.2084460 0.2574006 0.1843187 0.0000010 
Crassostrea_gigas       0.1856745 0.3760088 0.7637450 0.2256278 0.3143628 0.3283994 0.2502024 0.2506619 0.2163788 0.3161610 0.6005026 0.2238534 0.2179638 0.2539263 0.2693727 0.0307748 0.0000000 0.2205274 0.2299235 0.1833590 0.0307748 
Mizuhopecten_yessoensis 0.1655438 0.4390644 0.9571904 0.2267855 0.3096337 0.3765629 0.2501859 0.2540609 0.2115494 0.3436435 0.5785875 0.2139283 0.0193096 0.2533958 0.2279116 0.2084460 0.2205274 0.0000000 0.2205916 0.1701157 0.2084460 
Cornu_aspersum          0.2325037 0.4207405 0.3051246 0.2409310 0.3177185 0.2205805 0.2185558 0.2412426 0.0185978 0.1846418 0.3237665 0.0666629 0.2254645 0.0816238 0.1679808 0.2574006 0.2299235 0.2205916 0.0000000 0.2214195 0.2574006 
Sepia_sp.               0.0566248 0.4613054 0.5119140 0.2731805 0.3147719 0.1937284 0.1870233 0.1960710 0.2049933 0.1773364 0.5928137 0.2141716 0.1699069 0.2573878 0.1931551 0.1843187 0.1833590 0.1701157 0.2214195 0.0000000 0.1843187 
Pinctada_fucata         0.1880132 0.3938654 0.8105830 0.2356245 0.3002481 0.3223102 0.2439719 0.2559872 0.2435729 0.3414632 0.6130411 0.2509457 0.2058901 0.2798379 0.2901787 0.0000010 0.0307748 0.2084460 0.2574006 0.1843187 0.0000000 
